#Directory:
#Index 0: /12_Pmiss 12_Pmiss TH1D
#Index 1: /12_QSq 12_QSq TH1D
#Index 2: /12_theta_Pmq 12_theta_Pmq TH1D
#Index 3: /12_xB 12_xB TH1D
#Index 4: /208_Pmiss 208_Pmiss TH1D
#Index 5: /208_QSq 208_QSq TH1D
#Index 6: /208_theta_Pmq 208_theta_Pmq TH1D
#Index 7: /208_xB 208_xB TH1D
#Index 8: /27_Pmiss 27_Pmiss TH1D
#Index 9: /27_QSq 27_QSq TH1D
#Index 10: /27_theta_Pmq 27_theta_Pmq TH1D
#Index 11: /27_xB 27_xB TH1D
#Index 12: /56_Pmiss 56_Pmiss TH1D
#Index 13: /56_QSq 56_QSq TH1D
#Index 14: /56_theta_Pmq 56_theta_Pmq TH1D
#Index 15: /56_xB 56_xB TH1D
# /12_Pmiss
0.2875 0 0 0
0.3125 1054 32.4654 0
0.3375 884 29.7321 0
0.3625 745 27.2947 0
0.3875 673 25.9422 0
0.4125 644 25.3772 0
0.4375 627 25.04 0
0.4625 637 25.2389 0
0.4875 609 24.6779 0
0.5125 605 24.5967 0
0.5375 609 24.6779 0
0.5625 493 22.2036 0
0.5875 398 19.9499 0
0.6125 343 18.5203 0
0.6375 325 18.0278 0
0.6625 238 15.4272 0
0.6875 212 14.5602 0
0.7125 173 13.1529 0
0.7375 130 11.4018 0
0.7625 82 9.05539 0
0.7875 82 9.05539 0
0.8125 67 8.18535 0
0.8375 48 6.9282 0
0.8625 35 5.91608 0
0.8875 28 5.2915 0
0.9125 16 4 0
0.9375 18 4.24264 0
0.9625 9 3 0
0.9875 8 2.82843 0
1.0125 0 0 0


# /12_QSq
0.95 0 0 0
1.05 0 0 0
1.15 0 0 0
1.25 37 6.08276 0
1.35 493 22.2036 0
1.45 983 31.3528 0
1.55 1083 32.909 0
1.65 1051 32.4191 0
1.75 875 29.5804 0
1.85 809 28.4429 0
1.95 659 25.671 0
2.05 619 24.8797 0
2.15 522 22.8473 0
2.25 399 19.975 0
2.35 364 19.0788 0
2.45 308 17.5499 0
2.55 239 15.4596 0
2.65 185 13.6015 0
2.75 210 14.4914 0
2.85 155 12.4499 0
2.95 119 10.9087 0
3.05 114 10.6771 0
3.15 93 9.64365 0
3.25 78 8.83176 0
3.35 69 8.30662 0
3.45 61 7.81025 0
3.55 58 7.61577 0
3.65 46 6.78233 0
3.75 25 5 0
3.85 31 5.56776 0
3.95 21 4.58258 0
4.05 16 4 0
4.15 12 3.4641 0
4.25 14 3.74166 0
4.35 11 3.31662 0
4.45 9 3 0
4.55 5 2.23607 0
4.65 4 2 0
4.75 4 2 0
4.85 1 1 0
4.95 2 1.41421 0
5.05 8 2.82843 0


# /12_theta_Pmq
99 0 0 0
101 0 0 0
103 0 0 0
105 0 0 0
107 10 3.16228 0
109 23 4.79583 0
111 21 4.58258 0
113 39 6.245 0
115 62 7.87401 0
117 65 8.06226 0
119 81 9 0
121 113 10.6301 0
123 181 13.4536 0
125 198 14.0712 0
127 239 15.4596 0
129 302 17.3781 0
131 369 19.2094 0
133 377 19.4165 0
135 422 20.5426 0
137 457 21.3776 0
139 498 22.3159 0
141 521 22.8254 0
143 564 23.7487 0
145 549 23.4307 0
147 588 24.2487 0
149 560 23.6643 0
151 553 23.516 0
153 453 21.2838 0
155 470 21.6795 0
157 379 19.4679 0
159 305 17.4642 0
161 302 17.3781 0
163 232 15.2315 0
165 204 14.2829 0
167 180 13.4164 0
169 153 12.3693 0
171 117 10.8167 0
173 97 9.84886 0
175 65 8.06226 0
177 27 5.19615 0
179 16 4 0
181 0 0 0


# /12_xB
1.175 0 0 0
1.225 1947 44.1248 0
1.275 1616 40.1995 0
1.325 1336 36.5513 0
1.375 1075 32.7872 0
1.425 862 29.3598 0
1.475 706 26.5707 0
1.525 545 23.3452 0
1.575 391 19.7737 0
1.625 313 17.6918 0
1.675 235 15.3297 0
1.725 185 13.6015 0
1.775 142 11.9164 0
1.825 110 10.4881 0
1.875 90 9.48683 0
1.925 69 8.30662 0
1.975 33 5.74456 0
2.025 26 5.09902 0
2.075 22 4.69042 0
2.125 21 4.58258 0
2.175 11 3.31662 0
2.225 10 3.16228 0
2.275 11 3.31662 0
2.325 7 2.64575 0
2.375 6 2.44949 0
2.425 2 1.41421 0
2.475 6 2.44949 0
2.525 15 3.87298 0


# /208_Pmiss
0.2875 0 0 0
0.3125 290 17.0294 0
0.3375 225 15 0
0.3625 231 15.1987 0
0.3875 236 15.3623 0
0.4125 216 14.6969 0
0.4375 220 14.8324 0
0.4625 227 15.0665 0
0.4875 248 15.748 0
0.5125 234 15.2971 0
0.5375 227 15.0665 0
0.5625 211 14.5258 0
0.5875 176 13.2665 0
0.6125 138 11.7473 0
0.6375 158 12.5698 0
0.6625 114 10.6771 0
0.6875 109 10.4403 0
0.7125 56 7.48331 0
0.7375 60 7.74597 0
0.7625 42 6.48074 0
0.7875 28 5.2915 0
0.8125 28 5.2915 0
0.8375 26 5.09902 0
0.8625 7 2.64575 0
0.8875 12 3.4641 0
0.9125 12 3.4641 0
0.9375 11 3.31662 0
0.9625 6 2.44949 0
0.9875 6 2.44949 0
1.0125 0 0 0


# /208_QSq
0.95 0 0 0
1.05 0 0 0
1.15 0 0 0
1.25 12 3.4641 0
1.35 144 12 0
1.45 324 18 0
1.55 415 20.3715 0
1.65 362 19.0263 0
1.75 323 17.9722 0
1.85 302 17.3781 0
1.95 247 15.7162 0
2.05 233 15.2643 0
2.15 185 13.6015 0
2.25 143 11.9583 0
2.35 146 12.083 0
2.45 117 10.8167 0
2.55 107 10.3441 0
2.65 82 9.05539 0
2.75 62 7.87401 0
2.85 64 8 0
2.95 42 6.48074 0
3.05 42 6.48074 0
3.15 39 6.245 0
3.25 29 5.38516 0
3.35 19 4.3589 0
3.45 19 4.3589 0
3.55 20 4.47214 0
3.65 20 4.47214 0
3.75 14 3.74166 0
3.85 6 2.44949 0
3.95 8 2.82843 0
4.05 2 1.41421 0
4.15 5 2.23607 0
4.25 2 1.41421 0
4.35 3 1.73205 0
4.45 2 1.41421 0
4.55 4 2 0
4.65 1 1 0
4.75 1 1 0
4.85 3 1.73205 0
4.95 2 1.41421 0
5.05 3 1.73205 0


# /208_theta_Pmq
99 0 0 0
101 0 0 0
103 0 0 0
105 0 0 0
107 4 2 0
109 4 2 0
111 5 2.23607 0
113 10 3.16228 0
115 14 3.74166 0
117 13 3.60555 0
119 31 5.56776 0
121 31 5.56776 0
123 48 6.9282 0
125 53 7.28011 0
127 65 8.06226 0
129 100 10 0
131 104 10.198 0
133 123 11.0905 0
135 144 12 0
137 162 12.7279 0
139 173 13.1529 0
141 203 14.2478 0
143 221 14.8661 0
145 191 13.8203 0
147 223 14.9332 0
149 225 15 0
151 208 14.4222 0
153 183 13.5277 0
155 199 14.1067 0
157 153 12.3693 0
159 148 12.1655 0
161 98 9.89949 0
163 107 10.3441 0
165 65 8.06226 0
167 70 8.3666 0
169 55 7.4162 0
171 48 6.9282 0
173 35 5.91608 0
175 28 5.2915 0
177 9 3 0
179 1 1 0
181 0 0 0


# /208_xB
1.175 0 0 0
1.225 670 25.8844 0
1.275 629 25.0799 0
1.325 505 22.4722 0
1.375 429 20.7123 0
1.425 301 17.3494 0
1.475 240 15.4919 0
1.525 204 14.2829 0
1.575 142 11.9164 0
1.625 109 10.4403 0
1.675 83 9.11043 0
1.725 63 7.93725 0
1.775 46 6.78233 0
1.825 31 5.56776 0
1.875 31 5.56776 0
1.925 11 3.31662 0
1.975 16 4 0
2.025 10 3.16228 0
2.075 9 3 0
2.125 3 1.73205 0
2.175 7 2.64575 0
2.225 3 1.73205 0
2.275 0 0 0
2.325 3 1.73205 0
2.375 1 1 0
2.425 0 0 0
2.475 2 1.41421 0
2.525 6 2.44949 0


# /27_Pmiss
0.2875 0 0 0
0.3125 301 17.3494 0
0.3375 271 16.4621 0
0.3625 248 15.748 0
0.3875 242 15.5563 0
0.4125 228 15.0997 0
0.4375 237 15.3948 0
0.4625 208 14.4222 0
0.4875 207 14.3875 0
0.5125 216 14.6969 0
0.5375 198 14.0712 0
0.5625 170 13.0384 0
0.5875 185 13.6015 0
0.6125 136 11.6619 0
0.6375 108 10.3923 0
0.6625 93 9.64365 0
0.6875 77 8.77496 0
0.7125 69 8.30662 0
0.7375 57 7.54983 0
0.7625 44 6.63325 0
0.7875 34 5.83095 0
0.8125 25 5 0
0.8375 17 4.12311 0
0.8625 13 3.60555 0
0.8875 6 2.44949 0
0.9125 10 3.16228 0
0.9375 10 3.16228 0
0.9625 7 2.64575 0
0.9875 2 1.41421 0
1.0125 0 0 0


# /27_QSq
0.95 0 0 0
1.05 0 0 0
1.15 0 0 0
1.25 9 3 0
1.35 155 12.4499 0
1.45 323 17.9722 0
1.55 377 19.4165 0
1.65 356 18.868 0
1.75 333 18.2483 0
1.85 295 17.1756 0
1.95 228 15.0997 0
2.05 200 14.1421 0
2.15 168 12.9615 0
2.25 156 12.49 0
2.35 130 11.4018 0
2.45 100 10 0
2.55 109 10.4403 0
2.65 75 8.66025 0
2.75 68 8.24621 0
2.85 51 7.14143 0
2.95 51 7.14143 0
3.05 45 6.7082 0
3.15 21 4.58258 0
3.25 37 6.08276 0
3.35 22 4.69042 0
3.45 26 5.09902 0
3.55 18 4.24264 0
3.65 11 3.31662 0
3.75 11 3.31662 0
3.85 7 2.64575 0
3.95 3 1.73205 0
4.05 8 2.82843 0
4.15 7 2.64575 0
4.25 5 2.23607 0
4.35 4 2 0
4.45 3 1.73205 0
4.55 4 2 0
4.65 2 1.41421 0
4.75 1 1 0
4.85 0 0 0
4.95 0 0 0
5.05 0 0 0


# /27_theta_Pmq
99 0 0 0
101 0 0 0
103 0 0 0
105 0 0 0
107 2 1.41421 0
109 3 1.73205 0
111 5 2.23607 0
113 10 3.16228 0
115 24 4.89898 0
117 21 4.58258 0
119 34 5.83095 0
121 62 7.87401 0
123 60 7.74597 0
125 61 7.81025 0
127 87 9.32738 0
129 101 10.0499 0
131 107 10.3441 0
133 121 11 0
135 169 13 0
137 164 12.8062 0
139 209 14.4568 0
141 187 13.6748 0
143 190 13.784 0
145 196 14 0
147 226 15.0333 0
149 199 14.1067 0
151 202 14.2127 0
153 175 13.2288 0
155 121 11 0
157 129 11.3578 0
159 118 10.8628 0
161 101 10.0499 0
163 74 8.60233 0
165 60 7.74597 0
167 61 7.81025 0
169 38 6.16441 0
171 40 6.32456 0
173 33 5.74456 0
175 19 4.3589 0
177 10 3.16228 0
179 0 0 0
181 0 0 0


# /27_xB
1.175 0 0 0
1.225 688 26.2298 0
1.275 586 24.2074 0
1.325 470 21.6795 0
1.375 376 19.3907 0
1.425 293 17.1172 0
1.475 225 15 0
1.525 166 12.8841 0
1.575 164 12.8062 0
1.625 116 10.7703 0
1.675 88 9.38083 0
1.725 54 7.34847 0
1.775 36 6 0
1.825 34 5.83095 0
1.875 27 5.19615 0
1.925 21 4.58258 0
1.975 16 4 0
2.025 13 3.60555 0
2.075 11 3.31662 0
2.125 10 3.16228 0
2.175 3 1.73205 0
2.225 5 2.23607 0
2.275 4 2 0
2.325 4 2 0
2.375 1 1 0
2.425 2 1.41421 0
2.475 0 0 0
2.525 6 2.44949 0


# /56_Pmiss
0.2875 0 0 0
0.3125 1046 32.3419 0
0.3375 901 30.0167 0
0.3625 757 27.5136 0
0.3875 740 27.2029 0
0.4125 770 27.7489 0
0.4375 691 26.2869 0
0.4625 724 26.9072 0
0.4875 758 27.5318 0
0.5125 748 27.3496 0
0.5375 651 25.5147 0
0.5625 583 24.1454 0
0.5875 601 24.5153 0
0.6125 485 22.0227 0
0.6375 432 20.7846 0
0.6625 329 18.1384 0
0.6875 308 17.5499 0
0.7125 224 14.9666 0
0.7375 190 13.784 0
0.7625 104 10.198 0
0.7875 91 9.53939 0
0.8125 110 10.4881 0
0.8375 57 7.54983 0
0.8625 61 7.81025 0
0.8875 38 6.16441 0
0.9125 43 6.55744 0
0.9375 28 5.2915 0
0.9625 20 4.47214 0
0.9875 10 3.16228 0
1.0125 0 0 0


# /56_QSq
0.95 0 0 0
1.05 0 0 0
1.15 0 0 0
1.25 43 6.55744 0
1.35 513 22.6495 0
1.45 1041 32.2645 0
1.55 1226 35.0143 0
1.65 1227 35.0286 0
1.75 1039 32.2335 0
1.85 892 29.8664 0
1.95 811 28.4781 0
2.05 742 27.2397 0
2.15 635 25.1992 0
2.25 514 22.6716 0
2.35 424 20.5913 0
2.45 383 19.5704 0
2.55 285 16.8819 0
2.65 271 16.4621 0
2.75 223 14.9332 0
2.85 215 14.6629 0
2.95 143 11.9583 0
3.05 122 11.0454 0
3.15 125 11.1803 0
3.25 114 10.6771 0
3.35 115 10.7238 0
3.45 85 9.21954 0
3.55 48 6.9282 0
3.65 46 6.78233 0
3.75 43 6.55744 0
3.85 33 5.74456 0
3.95 32 5.65685 0
4.05 22 4.69042 0
4.15 18 4.24264 0
4.25 20 4.47214 0
4.35 10 3.16228 0
4.45 8 2.82843 0
4.55 12 3.4641 0
4.65 7 2.64575 0
4.75 4 2 0
4.85 2 1.41421 0
4.95 2 1.41421 0
5.05 5 2.23607 0


# /56_theta_Pmq
99 0 0 0
101 0 0 0
103 0 0 0
105 0 0 0
107 9 3 0
109 18 4.24264 0
111 27 5.19615 0
113 42 6.48074 0
115 47 6.85565 0
117 86 9.27362 0
119 101 10.0499 0
121 132 11.4891 0
123 183 13.5277 0
125 228 15.0997 0
127 294 17.1464 0
129 296 17.2047 0
131 385 19.6214 0
133 415 20.3715 0
135 493 22.2036 0
137 531 23.0434 0
139 612 24.7386 0
141 638 25.2587 0
143 646 25.4165 0
145 661 25.7099 0
147 730 27.0185 0
149 748 27.3496 0
151 667 25.8263 0
153 556 23.5797 0
155 501 22.383 0
157 418 20.445 0
159 400 20 0
161 303 17.4069 0
163 315 17.7482 0
165 254 15.9374 0
167 223 14.9332 0
169 161 12.6886 0
171 148 12.1655 0
173 110 10.4881 0
175 62 7.87401 0
177 44 6.63325 0
179 16 4 0
181 0 0 0


# /56_xB
1.175 0 0 0
1.225 2398 48.9694 0
1.275 1984 44.5421 0
1.325 1566 39.5727 0
1.375 1319 36.318 0
1.425 998 31.5911 0
1.475 792 28.1425 0
1.525 634 25.1794 0
1.575 464 21.5407 0
1.625 322 17.9444 0
1.675 261 16.1555 0
1.725 218 14.7648 0
1.775 134 11.5758 0
1.825 95 9.74679 0
1.875 80 8.94427 0
1.925 57 7.54983 0
1.975 41 6.40312 0
2.025 35 5.91608 0
2.075 21 4.58258 0
2.125 19 4.3589 0
2.175 14 3.74166 0
2.225 10 3.16228 0
2.275 12 3.4641 0
2.325 7 2.64575 0
2.375 1 1 0
2.425 5 2.23607 0
2.475 5 2.23607 0
2.525 8 2.82843 0


